3.029,1.324
173.214,0.929
235,1
275,0.833
330.667,1.333
477.067,3.033
519.7,0.9
598.955,2.318
607.062,1.812
635.167,1.389
161.375,3
121,5.5
319.967,5.633
420.423,5.269
460.188,5.625
468.024,5.119
559.367,4.967
178.885,5.885
206,5.786
509.5,6.071
589.9,5.9
613.115,5.885
169.333,6.583
409,7
483.864,6.409
537.5,6.929
5.286,8.286
251.269,8.423
285.312,8.188
301.7,7.4
329.208,7.792
99.688,8.812
143,9.214
152.417,8.833
448.417,8.833
234.5,10.333
338.318,9.591
355.136,10.045
605,10
630.346,10.038
266.5,12.071
476.5,13.147
619,13
81.654,14.038
161.423,14.192
327,14.571
492.75,14.167
580.5,14.333
46.389,14.611
180.654,16.038
193.75,15.812
294.192,16.577
523.591,17.136
598.269,17.115
363.25,17.938
233.833,18.767
350.029,19.147
391.192,18.962
55.286,19.929
105.633,20.033
247.864,19.409
305.1,20.2
379.083,19.583
448.038,19.654
553.885,20.115
40.125,21.062
95.567,20.9
119.286,20.857
433.5,20.5
223.286,22.286
457.367,22.967
470.357,23.429
132.1,23.9
171.786,24
496.75,24.167
602.625,23.375
321.071,25.286
194.885,26.115
403.423,26.192
415.9,26.1
426.033,27.633
560.591,26.773
607.667,26.333
626.167,26.75
29.9,28.1
213.654,28.038
340.9,28.1
388.5,28.333
614.885,28.269
246.143,29.286
56.731,30.654
282.885,30.269
570.346,30.038
231.071,31.286
329.071,31.571
546,30.5
2.115,32.115
107.938,32.25
466.167,32.417
595.5,32.125
606.875,33.75
135.812,34.375
164.25,34.125
175.367,34.033
297.583,33.75
476.633,34.033
582.167,34.417
90.269,34.731
204,34.786
257,35
19.833,36.967
403.864,36.409
36.115,39.885
82.643,40.571
127.062,40.125
275.167,40.233
439.722,40
621.1,40.1
395.4,41.3
488.7,41
524.857,41.286
560.967,42.367
290.885,42.885
0.929,43.786
406,44.214
467.9,43.9
589.286,44.286
96.577,45.038
208.731,45.731
300.4,44.8
544.192,45.423
600.5,44.667
632.857,45.286
70.5,45.7
153.786,46
457.9,45.9
625.9,45.7
20.808,46.962
224.5,46.955
251.367,46.967
42,47.786
103.562,48.312
420.1,47.9
511.423,48.192
142.167,48.75
188.038,48.654
324.167,48.75
197.9,49.9
314.433,50.7
373.667,49.5
536,50.214
29.188,51.562
61.75,52.125
622.409,51.864
479.553,53.553
133.269,54.423
338.192,54.577
438.5,54.667
149.9,55.9
397.167,56.233
501.423,56.192
224.033,57.633
272,56.786
543.654,56.962
585,57
163.5,57.5
384.633,58.033
516.625,57.375
447.367,58.967
88.5,60.071
105.429,60.357
208.5,60
467,60.214
599,60
44.233,61.167
285.9,60.8
523.367,60.967
415.5,62.071
614,62
363,63.5
197.864,64.409
351.033,65.633
560.071,65.5
97.346,66.038
337.654,66.038
379.5,65.214
462.038,66.346
633.115,66.269
113.367,66.967
577.25,67.083
104.583,67.917
210.115,67.885
3.038,69.423
76.562,69.625
185,69
217.633,68.967
439.136,68.591
546.143,69.214
131.167,70.233
139.214,70.571
325.382,70.088
401.9,69.9
27.583,70.667
55.611,71.444
246.967,71.367
331.7,70.1
528.167,70.75
236.417,72.833
419.912,73.382
448.967,73.367
584.5,72.955
89.786,74
166.5,74.071
554.75,74.167
392,74.786
18.115,75.885
147.654,76.038
191.553,77.553
334.143,76.786
360.192,77.423
257.786,78
299.786,78
467.278,78
34.1,78.9
74.346,78.577
111.618,79.088
616.033,79.633
227.115,81.115
486.5,80.5
10.714,82.286
49.885,81.885
249.147,82.029
439.786,80.929
204.1,82.9
625.441,83.853
267.25,83.938
427,84
513.786,84
523,84.214
123.088,85.618
143.633,84.967
179.618,84.912
215.654,84.962
636.167,84.389
282,86.214
463.6,85.7
490.167,86.417
604.962,86.808
85.5,87
111.25,88.167
320.95,87.85
339.9,87.9
591.367,88.167
100.433,90.233
392,89.786
536.682,90.318
31.5,91
165.75,91.312
233.333,90.583
632.6,90.6
6.214,92
221.9,91.9
567.25,92.167
609.125,92.5
616,93
266.214,94
416.577,94.192
557.786,94
202.714,94.857
41.9,95.9
295.395,95.921
466.167,96.417
545.571,96.143
354.269,97.115
378,96.786
246,98.214
281.9,98.1
487,98.214
518.654,98.038
626.115,97.885
56.286,99.286
67.5,98.5
212.233,99.167
439,99
605.833,98.767
80.654,100.038
343.917,100.25
365.375,101.75
397,101
509.136,100.591
30.7,102.7
73.682,102.045
161.5,102.071
478.033,102.633
530,101.786
176.033,103.633
234,102.5
496.033,103.633
146.714,104.286
192.857,104.714
224.857,104.714
304.75,104.167
318,103.786
564.038,104.346
3.286,105.071
47.868,105.237
271,105.5
515.286,104.5
456.038,106.346
575.5,106.125
544.115,106.885
615.875,107.5
70.786,108.357
289.367,108.1
406,108
589.9,108.1
628,108.214
20.125,109.062
522.125,109.25
86.654,110.423
259.7,108.9
355,110
371,110
393.1,111.433
534.167,110.75
0.7,111.7
428.688,112.875
469.786,112
513.786,112
96.808,112.962
280.233,113.167
412.045,113.136
493.9,112.9
553.367,112.967
164.917,114.667
301.5,114.125
184.967,115.367
216.9,116.1
321.346,116.038
582.5,116.333
51.45,117.6
77.562,117.188
340.567,116.9
614.433,117.233
5,117.5
250.167,119.367
291.875,119.75
35.833,120.5
350,120
460.115,119.885
540.038,120.346
199.333,120.583
572.233,121.833
606.853,122.5
232.974,123.868
400,122.786
91.214,124.571
595.5,124.125
0.929,124.786
154.357,125.143
190.5,125.147
328.088,125.382
449.286,125.071
25,126.214
147,126.167
388.75,126.125
551.342,127.605
517.633,128.033
252.25,129.938
346.214,130
581.917,130.25
111.6,131.45
207.5,131
273.423,131.038
57.577,132.269
283.667,132.333
492.618,132.971
598.682,132.318
179.111,133.889
373.722,133.444
407.367,132.967
564.967,133.367
157.071,134.714
539.786,134
30.857,135.429
169,135.5
362.233,135.167
425.115,134.885
386,136
68.143,136.786
513.286,137.143
89.382,137.912
196.25,137.938
483.9,137.9
611.5,137
637.441,137.912
130.808,138.962
417,139
5.167,140.233
272.1,140.1
310.286,140.714
349.618,139.794
530.192,140.577
437.618,141.088
623.786,140.857
333.853,142.029
459.167,142.233
14.654,142.731
115.367,142.967
297.722,143.611
373.5,143
186.633,144.033
199.773,143.773
207.433,144.1
151.222,145.667
241.333,144.583
282.286,145.286
504.5,144.833
585.912,145.618
171.75,146.125
193.7,144.7
445.5,146.125
553.9,145.9
600.812,146.062
28.1,146.9
261.233,147.233
386.233,147.167
87.5,148
67.553,149.553
474,149.278
573.444,149.278
580.333,148.667
106.967,150.833
196.214,150.357
324.029,151.853
364.767,151.833
398.088,151.382
487.312,151.125
120.654,152.038
248.962,152.346
216,153
269.786,153
422.571,154.643
438.1,154.1
459.786,154
499.115,153.885
512.5,153
226.444,155.778
284.929,154.857
584.143,155.214
354.618,156.088
555.214,156.143
373.5,157.735
599.618,156.912
176.033,158.367
624.25,158.125
164.289,159.132
543,159
7,160
82.1,159.9
149.618,160.676
17,161
102.286,161.571
195.286,161.071
315.441,161.147
426.5,161.9
450.088,161.382
471,161.5
532.5,162.071
562.5,161.5
295,163.5
386.265,163.029
511.071,163.286
522,164
589.633,164.033
638.318,164.318
50.038,164.654
115.658,165.342
245.857,164.643
277.667,165.667
500.812,165.688
137.633,166.033
345.618,166.206
359.654,166.038
334,167
441.9,167.9
576.1,168.1
163.794,170.265
225.433,170.233
615.25,170.562
318.778,171.556
210,172
627.5,172.125
16.286,173.286
34.1,172.9
187.286,173.071
266,173
49.618,174.676
242.778,174.389
415.633,174.033
427.5,174
536.115,173.885
550.812,174.625
588,173.786
175.938,175.25
449,174.7
562.375,175.875
24.346,176.038
80.75,176.125
129.786,176
333.382,176.088
369.75,175.875
600.375,176.812
495,177.786
139,179.722
274.125,179.75
392.5,180.071
592,180
3.333,180.583
521.115,180.885
310.654,182.038
378.618,182.088
625.786,182
221.286,183.071
423.6,183.45
455.115,182.885
470.071,183.5
635.286,183.071
87.794,184.265
148,184
210.654,184.423
437,184.214
491.833,183.722
44.367,184.967
172,185.278
533.375,185.125
30.115,186.115
339.147,186.029
586.409,185.864
10.5,187.667
75.938,187.25
141.75,186.5
562.714,186.857
159.441,188.265
240.833,188.233
321.062,189.75
410.214,189
484.125,189.5
461,190.214
395.938,191.75
20.143,191.786
137.9,192.1
180.562,192.75
226.25,191.938
253.9,191.9
554.071,192.5
204.206,193.618
268,194.214
445.75,193.917
471.9,194.1
613.9,193.9
70.618,195.5
341,195.5
638.3,194.5
44.9,196.1
195,196.214
311.5,196.389
380.192,196.577
90.286,197.286
420.962,197.192
536.346,198.038
597.167,198.233
628.9,198.1
150.167,198.967
454.125,199.75
10.125,200.75
54.9,200.1
161.633,200.033
389,201.5
244.1,201.9
565.633,202.033
327.286,202.857
186.9,204.1
295.382,203.912
127,205
365.618,204.912
576.767,205.433
622.808,205.577
140,206
222.786,206
78.289,207.553
175.6,207.45
469.147,207.441
505.833,207.167
116.033,208.367
208.395,208.079
341.553,208.658
606.714,208.286
264.346,208.731
435,209.5
38.333,210.5
490.25,210.125
162.029,211.147
445.269,210.731
232.714,212.286
555.167,212.233
4,212.5
192.625,213.125
301.147,213.441
354.1,214.1
458.1,213.9
153.5,215
334.853,215.441
599,215
58.9,216.1
97.25,216.125
398.571,216.357
517.722,217
538.188,217.312
205.767,218.5
268.857,218.714
374.938,218.5
181.192,218.962
217.553,219.658
256.269,219.115
322.658,219.553
415.233,219.233
591,219
436,220
625,220.214
22.071,221.5
33.7,220.5
127.667,220.417
361.912,221.618
637.7,220.767
449,222
564.583,221.917
83.868,223.289
286.233,223.167
477.278,224
172.611,225.222
605.921,225.395
408.1,225.9
511.1,227.433
100.5,228.071
110.346,227.962
253.143,227.714
341,228.5
373.9,227.9
40.333,229
138.571,229.214
270.125,229.75
127.233,230.7
206.1,229.9
312.147,230.029
542.333,230.5
153.429,230.857
281.5,231
326.333,231.611
361.69,231.357
396.125,231.5
502.7,231.033
568.029,231.618
301.9,231.9
31.333,232.583
594.875,233.5
406.038,234.346
415.382,234.088
464,234
585.786,234
261.423,235.038
380.5,236.233
444.038,236.346
5.853,237.029
63,237
51.618,238.088
251.312,238.812
552.731,238.654
576.357,238.571
22.206,239.618
39.286,239.071
238.714,238.857
371.143,239.286
433,239.722
628.367,238.967
497.75,239.875
537,240
265.147,242.5
298.853,242.5
315.722,242
612,242
192.233,243.167
327.69,243.357
424.029,243.853
522.611,243.222
155.75,244.125
338,244
275.778,245.333
402.389,245.444
447.667,244.5
476,245.5
362.029,246.147
350.233,247.167
460.1,246.9
13.062,248.125
65.269,248.423
133.45,249.6
23.167,250.233
41.938,250.25
497,250.214
555.5,249.833
124,250.786
300.286,251.286
585.833,250.767
146.318,252.318
439.853,252.029
486.5,252.071
567.786,252
378.029,253.853
180.25,253.938
198.382,253.912
629.1,254.1
316.125,255.062
335.583,255.583
561,255.667
80.833,256.233
168,256
255.429,256.357
346.676,256.441
394.265,256.735
460.5,256.5
517,256
607.633,256.033
264.375,257.125
283.5,257
594.591,256.773
150.9,258.1
528.5,259.5
55.382,259.912
91.312,260.312
555.071,260.714
22.125,261.062
114.808,260.962
450.812,261.562
471.78,262.5
498.265,261.794
580.808,260.962
616.577,260.808
237.735,262.265
436,263.278
565.5,262.875
282.929,263.786
323.278,264
70.5,265.438
353.618,264.912
407.088,265.618
187.633,266.033
276.735,266.265
289.395,266.289
100.812,267.562
266.447,267.658
633.324,267.265
482.786,268
623,268.214
122.233,269.167
177.25,269.375
308.079,269.605
343.2,269.5
527.367,268.967
209.553,270.921
283.5,269
415.786,270
581.618,270.912
600.233,271.167
11.9,271.9
52.1,271.9
244.5,272.167
332.1,271.9
451.5,274
511.382,274.088
62.143,274.786
156.167,275
195,275.5
433.071,275.286
537.167,274.967
563.5,274.786
106.286,276.714
130.962,276.808
282.147,276.029
376.147,276.912
464.029,276.382
187.7,276.5
326.1,276.9
353.618,276.912
38.794,278.265
96.111,279.278
119.115,279.115
477.278,279.444
301.062,280.125
340.324,280.676
605.9,279.9
163.115,281.115
315.794,281.794
396.786,282
270.237,283.711
594.577,282.808
235.5,284.125
410.438,284.875
512.033,284.633
557.5,284.125
208.088,285.206
218.125,285.062
383.5,285
426.778,285.556
31.618,285.794
574.5,287
184.125,287.062
536,287
324.5,288.071
621.188,288.375
637.438,288.75
142.233,289.167
344.115,288.885
521.633,288.7
545.3,288.5
552.5,288.786
586,289.278
79.147,290.029
92.921,291.711
246.556,291.278
290.5,291.367
310.674,291.717
375.5,291
465.553,291.184
61.618,292.206
152.188,292.375
399.912,292.382
476.5,292.233
106.853,293.265
195,293.5
418.5,293.147
444.125,293.062
497.5,293.395
266.688,294.875
332.147,294.912
556.265,295.441
7.794,296.265
33.633,298.033
368,298
391.75,297.938
21.5,299.375
55.286,299.071
127.062,299.75
236,299.278
276.143,298.786
321.088,299.618
434.912,299.618
594.833,299.889
202.7,300.7
443.889,300.278
168.038,300.654
409.342,301.658
158.441,302.676
452,302
515.853,302.088
181.286,303.071
638.7,303
41.562,304.312
309.382,303.912
480.9,303.9
621.382,304.324
74.658,305.342
424.233,305.167
61.382,306.088
96.033,306.233
121.786,306
296.265,306.265
357.6,306.55
334.3,306.5
344.233,307.167
441.75,307.45
17.125,309.25
108.912,309.382
172.562,309.25
228,309
402.562,309.25
529.912,309.382
560.5,308.5
503.278,310
198.962,311.192
371.658,311.342
464.346,310.962
603.147,311.441
639,312.5
85.889,312.389
126,312.214
209.9,311.9
256.367,312.033
486.441,312.676
631.875,312.625
45.45,313.6
331.1,312.5
569.375,313.375
156.971,314.618
176.833,316.233
288,315.786
419.147,316.029
470.115,315.885
593,316
432.389,317.444
36.033,318.967
225.688,318.812
393.222,319.556
311.1,320.15
327.062,320.125
101.75,321.25
212.088,321.853
344.722,321.444
561.167,321.167
584.875,321.75
2.7,322.7
25.9,321.9
376.5,322.125
409.9,322.55
461.611,322.556
473.433,322.233
636.625,321.375
172.125,323.062
195.889,323.111
235.611,323.444
262,323.278
500.912,323.618
14.125,324.5
112.188,324.375
519.611,324.333
59.688,324.812
134.214,325
609.367,324.967
88.447,326.447
543.5,326
631.654,326.038
71.912,327.382
222.136,326.591
435.912,327.618
531.3,328.433
300.562,329.625
600.033,329.633
327.188,330.875
152.125,331.062
509.357,331.69
287.763,332.237
353.184,333.395
484.633,332.033
40.447,333.658
188.722,333.444
313.833,333.5
417.237,333.868
583.3,333.233
220.688,333.688
131.857,334.643
256.658,335.553
79.147,336.029
112.029,336.147
382.441,336.676
547.125,336.375
177.938,337.5
446.367,336.967
304.618,337.912
365.382,337.912
526.971,338.382
568.34,339.62
102.312,340.625
122.147,340.912
273.618,340.206
396.786,340
476,340.5
600.5,340.071
58.643,341.69
198.389,341.056
71.382,342.088
337,342
506,342.214
15.868,343.711
29.8,343.4
211.667,343.222
244.618,343.382
346.857,343.286
456.188,343.312
514.206,343.618
0.833,344
93.062,344.125
151.833,343.611
143.618,344.912
535.618,344.912
553.447,345.711
616.188,345.312
266.029,347.853
390.375,347.125
414.556,347.722
485.618,346.912
437,349.722
83.618,350.441
184.375,350.188
276,350.818
304.214,350
376.794,350.794
5.9,352.1
151.889,352.167
335.618,352.206
235.395,353.5
349.5,353
427.375,353.125
508.265,353.971
594.912,353.618
400.577,354.192
446.088,355.853
43.382,356.088
366.324,357.147
473.278,356
607.633,356.033
63.6,357.8
487.591,357.455
77.278,358
245.184,359.026
556.967,358.367
574.033,358.367
634.433,358.7
384.625,359.875
220.727,360.682
281.147,360.5
305.853,360.029
31.088,361.618
169.938,361.062
292,362
393.9,362.1
583.633,361.967
599,363.5
12.5,364.333
50,363.786
65.167,364
128.125,365.75
155.357,365.357
230.7,365.033
402,365.278
513.688,365.312
525.342,365.605
77.786,364.929
97.9,366.1
178.853,367.441
260.667,366.5
22.071,368.5
71.062,368.125
108.389,368.333
379.658,368.447
60.111,369.722
140.778,369.556
253.868,369.237
464.206,369.618
558.441,369.559
591.265,369.676
82.147,370.029
266,371.278
279.667,371.667
4.107,372.107
162.955,372.5
609.1,372.1
621,372
570,373.278
354.912,374.147
418.214,374
509.342,374.132
131.324,375.618
310.079,375.395
435.367,374.967
446.125,375.25
562.5,375
235.6,377.45
374.125,377.062
49.667,378.222
190.125,378.75
205.14,379.26
300,378
596.682,377.773
632.167,378.233
24.382,378.912
387.853,380.088
85.605,382.079
119.618,382.441
158.9,382.1
343.875,382.5
413.382,382.088
486.312,382.375
561.9,381.9
503.444,383.278
546.8,382.8
580.367,383.433
74.1,384.1
168.071,384.5
354.7,384.1
441.286,384.286
325.5,385.5
403.971,385.147
517.868,385.237
245.382,386.088
365.239,386.543
426.206,386.382
5.556,387.222
463.711,387.447
101.278,388
494.125,388.75
606.147,388.912
145.938,389.062
217.75,389.25
556,390
254.429,392.286
31.571,392.786
64.7,393.3
471.591,393.409
615.921,393.395
125.382,394.088
349,394.214
165.562,394.812
208.714,394.857
444.214,395
154.367,396.033
289.029,396.853
491.312,396.812
228.079,397.395
272.853,397.441
503.3,398.233
141.816,398.658
369.286,398.286
457.853,398.5
540.1,397.9
630.167,398.417
73.079,399.605
310.091,399.682
409.6,399.45
595.25,399.45
106.75,400.562
161.111,400.667
358.033,400.633
425.556,400.778
351.833,400.333
560.029,401.853
25.395,402.289
251.633,402.033
517.125,402.312
88.423,403.269
179.429,402.643
345.722,403
378.367,403.433
169.389,404.222
263.444,404.722
579.5,404.125
353.534,406.948
45.1,405.9
156.778,406.111
390.611,406.333
528.816,406.974
542.237,407.763
55.441,408.265
455.735,408.441
382.292,409.458
471,408.7
505,409.5
535.5,408.5
285.5,410.5
95.553,411.184
339.553,411.553
362.167,411.5
373.088,411.618
567.794,410.912
612.778,411.611
33.9,412.1
115.056,412.611
399.25,412.125
516.045,413.091
266.367,414.033
309.6,414.55
351.25,414.125
391.583,413.667
490.1,414.1
534.088,415.382
540.9,414.3
579.868,415.289
146.5,416.125
78.5,417.147
171.342,417.342
218.55,417.6
383.7,416.5
67.5,418.125
56.885,419.115
298.167,419.5
326.9,419.433
412.375,419.375
544.167,419.556
233.206,420.735
389.786,420
600.5,420.167
193.559,421.147
523.618,420.912
477.395,421.921
6.233,423.167
40.447,423.553
258.722,423.278
423.65,423.75
180.382,423.912
282.75,424.125
17.1,425.433
104.5,425.147
552.556,425.722
638.167,424.75
27.395,425.921
352.75,426.125
400.382,426.206
488.5,426.125
562.5,426.071
587.45,426.2
153,427.722
62.312,428.312
246,428
506.25,427.938
206.7,429.233
216.912,429.618
342.147,430.029
435.618,430.206
0.944,431.722
82.125,431.5
315.938,431.75
190.5,432.125
230.071,432.5
304.188,432.375
466,432
555.125,432
180.912,433.618
271.147,433.441
328.062,433.75
361.5,433.395
530.147,434.912
114.792,435.75
159.658,435.342
392.143,434.786
39.119,436.452
92,436
135.853,436.029
421,436.214
517.5,436.167
560.382,435.912
597.722,436.556
281.5,437.5
500.611,437.222
550,438
321.75,438.125
577.5,438.125
445.9,440.1
608.25,440.125
2.029,441.676
205.553,441.553
272.5,440.643
347.1,441.433
63.433,442.367
357.324,442.794
248.5,443.147
263.643,442.571
486,443.722
420.1,443.3
457.9,443.9
190.206,445.618
413.382,445.382
199.143,446.786
275.556,446.778
76.853,446.794
127.5,447
294.033,447.633
397.967,446.767
425.658,447.342
438.088,447.382
33.75,448.375
557.9,447.9
582.1,449.1
165.722,450.111
601.778,450.389
363.889,451.111
516.125,451.062
613.071,451.286
263.912,452.382
213.812,452.812
371.885,454.885
4.618,456.088
61.611,456.833
81.853,456.029
108.1,456.1
392.553,457.132
17.553,457.553
93.667,457.333
407.342,457.342
420.55,457.6
509.088,458.794
532.033,458.367
558,458
619.971,458.735
545.667,459.056
170.5,460.167
229.5,460
297.3,458.9
326.312,460.312
356,460
496.55,460.4
595.062,460.125
636.9,459.95
192.618,463.5
211.881,463.31
368.389,463.778
38.857,464.071
101.548,465.69
462.658,465.553
476.346,466.038
517.618,466.029
291.115,467.115
447.5,467.147
10.682,468.545
32,468.214
423.395,467.921
487.286,468.571
614,468
20.25,469.625
315.553,469.553
584.079,469.605
184.5,470.132
201.921,470.974
208.833,470
537.038,470.577
393.062,471.75
403.75,471.25
81.9,471.9
158.15,472.25
253.5,473
547.921,473.395
564.111,474.389
42.167,474.367
65.382,473.912
214.038,474.346
266.143,474.714
382.115,474.115
604.4,474.2
124.5,475.711
521.611,475.667
112,476
175.278,476
307,476.25
369.864,475.409
573.147,476.029
338.75,477.65
435.429,478.5
463.147,477.971
485.441,478.265
23.5,478.864
118.2,478.7
239.5,478.654
88,479
195,479
283.786,478.929
355.722,478.944
532,479
